# addr cmd   (67 real + 956 padding = 1023 slots)
00000590 20000041
00000604 10418241
000008A8 10220241
000008E4 30000841
000009E0 10628241
00000BAC 28001041
00000BF8 00430241
0000113C 10450241
000011E0 20001841
0000135C 10258241
00001494 10660241
000014B0 30002041
00001730 00468241
000017FC 28002841
00001BF0 10488241
00001E30 20003041
00001E94 10290241
00001FCC 10698241
00002100 30003841
000021E4 004A0241
000026D4 28004041
00002728 104C0241
00002948 102C8241
000029FC 20004841
00002A80 106D0241
00002D1C 004D8241
00002D50 30005041
000031DC 104F8241
000032A0 28005841
00003480 10300241
000035B8 10708241
0000364C 20006041
000037D0 00510241
000039A0 30006841
00003D14 10530241
00003EF0 28007041
00003F34 10338241
0000406C 10740241
0000429C 20007841
00004308 00548241
000047C8 10568241
000047F4 30008041
00004A6C 10370241
00004B40 28008841
00004BA4 10778241
00004DBC 00580241
00004EEC 20009041
00005300 105A0241
00005444 30009841
00005520 103A8241
00005658 107B0241
00005790 2800A041
000058F4 005B8241
00005D40 2000A841
00005DB4 105D8241
00006058 103E0241
00006094 3000B041
00006190 107E8241
0000635C 2800B841
000063A8 005F0241
000068EC 10410241
00006990 2000C041
00006B0C 10218241
00006C44 10620241
00006C60 3000C841
00006EE0 00428241
00006FAC 2800D041
0000710B 00000000
0000710D 00000000
0000710F 00000000
00007111 00000000
00007113 00000000
00007115 00000000
00007117 00000000
00007119 00000000
0000711B 00000000
0000711D 00000000
0000711F 00000000
00007121 00000000
00007123 00000000
00007125 00000000
00007127 00000000
00007129 00000000
0000712B 00000000
0000712D 00000000
0000712F 00000000
00007131 00000000
00007133 00000000
00007135 00000000
00007137 00000000
00007139 00000000
0000713B 00000000
0000713D 00000000
0000713F 00000000
00007141 00000000
00007143 00000000
00007145 00000000
00007147 00000000
00007149 00000000
0000714B 00000000
0000714D 00000000
0000714F 00000000
00007151 00000000
00007153 00000000
00007155 00000000
00007157 00000000
00007159 00000000
0000715B 00000000
0000715D 00000000
0000715F 00000000
00007161 00000000
00007163 00000000
00007165 00000000
00007167 00000000
00007169 00000000
0000716B 00000000
0000716D 00000000
0000716F 00000000
00007171 00000000
00007173 00000000
00007175 00000000
00007177 00000000
00007179 00000000
0000717B 00000000
0000717D 00000000
0000717F 00000000
00007181 00000000
00007183 00000000
00007185 00000000
00007187 00000000
00007189 00000000
0000718B 00000000
0000718D 00000000
0000718F 00000000
00007191 00000000
00007193 00000000
00007195 00000000
00007197 00000000
00007199 00000000
0000719B 00000000
0000719D 00000000
0000719F 00000000
000071A1 00000000
000071A3 00000000
000071A5 00000000
000071A7 00000000
000071A9 00000000
000071AB 00000000
000071AD 00000000
000071AF 00000000
000071B1 00000000
000071B3 00000000
000071B5 00000000
000071B7 00000000
000071B9 00000000
000071BB 00000000
000071BD 00000000
000071BF 00000000
000071C1 00000000
000071C3 00000000
000071C5 00000000
000071C7 00000000
000071C9 00000000
000071CB 00000000
000071CD 00000000
000071CF 00000000
000071D1 00000000
000071D3 00000000
000071D5 00000000
000071D7 00000000
000071D9 00000000
000071DB 00000000
000071DD 00000000
000071DF 00000000
000071E1 00000000
000071E3 00000000
000071E5 00000000
000071E7 00000000
000071E9 00000000
000071EB 00000000
000071ED 00000000
000071EF 00000000
000071F1 00000000
000071F3 00000000
000071F5 00000000
000071F7 00000000
000071F9 00000000
000071FB 00000000
000071FD 00000000
000071FF 00000000
00007201 00000000
00007203 00000000
00007205 00000000
00007207 00000000
00007209 00000000
0000720B 00000000
0000720D 00000000
0000720F 00000000
00007211 00000000
00007213 00000000
00007215 00000000
00007217 00000000
00007219 00000000
0000721B 00000000
0000721D 00000000
0000721F 00000000
00007221 00000000
00007223 00000000
00007225 00000000
00007227 00000000
00007229 00000000
0000722B 00000000
0000722D 00000000
0000722F 00000000
00007231 00000000
00007233 00000000
00007235 00000000
00007237 00000000
00007239 00000000
0000723B 00000000
0000723D 00000000
0000723F 00000000
00007241 00000000
00007243 00000000
00007245 00000000
00007247 00000000
00007249 00000000
0000724B 00000000
0000724D 00000000
0000724F 00000000
00007251 00000000
00007253 00000000
00007255 00000000
00007257 00000000
00007259 00000000
0000725B 00000000
0000725D 00000000
0000725F 00000000
00007261 00000000
00007263 00000000
00007265 00000000
00007267 00000000
00007269 00000000
0000726B 00000000
0000726D 00000000
0000726F 00000000
00007271 00000000
00007273 00000000
00007275 00000000
00007277 00000000
00007279 00000000
0000727B 00000000
0000727D 00000000
0000727F 00000000
00007281 00000000
00007283 00000000
00007285 00000000
00007287 00000000
00007289 00000000
0000728B 00000000
0000728D 00000000
0000728F 00000000
00007291 00000000
00007293 00000000
00007295 00000000
00007297 00000000
00007299 00000000
0000729B 00000000
0000729D 00000000
0000729F 00000000
000072A1 00000000
000072A3 00000000
000072A5 00000000
000072A7 00000000
000072A9 00000000
000072AB 00000000
000072AD 00000000
000072AF 00000000
000072B1 00000000
000072B3 00000000
000072B5 00000000
000072B7 00000000
000072B9 00000000
000072BB 00000000
000072BD 00000000
000072BF 00000000
000072C1 00000000
000072C3 00000000
000072C5 00000000
000072C7 00000000
000072C9 00000000
000072CB 00000000
000072CD 00000000
000072CF 00000000
000072D1 00000000
000072D3 00000000
000072D5 00000000
000072D7 00000000
000072D9 00000000
000072DB 00000000
000072DD 00000000
000072DF 00000000
000072E1 00000000
000072E3 00000000
000072E5 00000000
000072E7 00000000
000072E9 00000000
000072EB 00000000
000072ED 00000000
000072EF 00000000
000072F1 00000000
000072F3 00000000
000072F5 00000000
000072F7 00000000
000072F9 00000000
000072FB 00000000
000072FD 00000000
000072FF 00000000
00007301 00000000
00007303 00000000
00007305 00000000
00007307 00000000
00007309 00000000
0000730B 00000000
0000730D 00000000
0000730F 00000000
00007311 00000000
00007313 00000000
00007315 00000000
00007317 00000000
00007319 00000000
0000731B 00000000
0000731D 00000000
0000731F 00000000
00007321 00000000
00007323 00000000
00007325 00000000
00007327 00000000
00007329 00000000
0000732B 00000000
0000732D 00000000
0000732F 00000000
00007331 00000000
00007333 00000000
00007335 00000000
00007337 00000000
00007339 00000000
0000733B 00000000
0000733D 00000000
0000733F 00000000
00007341 00000000
00007343 00000000
00007345 00000000
00007347 00000000
00007349 00000000
0000734B 00000000
0000734D 00000000
0000734F 00000000
00007351 00000000
00007353 00000000
00007355 00000000
00007357 00000000
00007359 00000000
0000735B 00000000
0000735D 00000000
0000735F 00000000
00007361 00000000
00007363 00000000
00007365 00000000
00007367 00000000
00007369 00000000
0000736B 00000000
0000736D 00000000
0000736F 00000000
00007371 00000000
00007373 00000000
00007375 00000000
00007377 00000000
00007379 00000000
0000737B 00000000
0000737D 00000000
0000737F 00000000
00007381 00000000
00007383 00000000
00007385 00000000
00007387 00000000
00007389 00000000
0000738B 00000000
0000738D 00000000
0000738F 00000000
00007391 00000000
00007393 00000000
00007395 00000000
00007397 00000000
00007399 00000000
0000739B 00000000
0000739D 00000000
0000739F 00000000
000073A1 00000000
000073A3 00000000
000073A5 00000000
000073A7 00000000
000073A9 00000000
000073AB 00000000
000073AD 00000000
000073AF 00000000
000073B1 00000000
000073B3 00000000
000073B5 00000000
000073B7 00000000
000073B9 00000000
000073BB 00000000
000073BD 00000000
000073BF 00000000
000073C1 00000000
000073C3 00000000
000073C5 00000000
000073C7 00000000
000073C9 00000000
000073CB 00000000
000073CD 00000000
000073CF 00000000
000073D1 00000000
000073D3 00000000
000073D5 00000000
000073D7 00000000
000073D9 00000000
000073DB 00000000
000073DD 00000000
000073DF 00000000
000073E1 00000000
000073E3 00000000
000073E5 00000000
000073E7 00000000
000073E9 00000000
000073EB 00000000
000073ED 00000000
000073EF 00000000
000073F1 00000000
000073F3 00000000
000073F5 00000000
000073F7 00000000
000073F9 00000000
000073FB 00000000
000073FD 00000000
000073FF 00000000
00007401 00000000
00007403 00000000
00007405 00000000
00007407 00000000
00007409 00000000
0000740B 00000000
0000740D 00000000
0000740F 00000000
00007411 00000000
00007413 00000000
00007415 00000000
00007417 00000000
00007419 00000000
0000741B 00000000
0000741D 00000000
0000741F 00000000
00007421 00000000
00007423 00000000
00007425 00000000
00007427 00000000
00007429 00000000
0000742B 00000000
0000742D 00000000
0000742F 00000000
00007431 00000000
00007433 00000000
00007435 00000000
00007437 00000000
00007439 00000000
0000743B 00000000
0000743D 00000000
0000743F 00000000
00007441 00000000
00007443 00000000
00007445 00000000
00007447 00000000
00007449 00000000
0000744B 00000000
0000744D 00000000
0000744F 00000000
00007451 00000000
00007453 00000000
00007455 00000000
00007457 00000000
00007459 00000000
0000745B 00000000
0000745D 00000000
0000745F 00000000
00007461 00000000
00007463 00000000
00007465 00000000
00007467 00000000
00007469 00000000
0000746B 00000000
0000746D 00000000
0000746F 00000000
00007471 00000000
00007473 00000000
00007475 00000000
00007477 00000000
00007479 00000000
0000747B 00000000
0000747D 00000000
0000747F 00000000
00007481 00000000
00007483 00000000
00007485 00000000
00007487 00000000
00007489 00000000
0000748B 00000000
0000748D 00000000
0000748F 00000000
00007491 00000000
00007493 00000000
00007495 00000000
00007497 00000000
00007499 00000000
0000749B 00000000
0000749D 00000000
0000749F 00000000
000074A1 00000000
000074A3 00000000
000074A5 00000000
000074A7 00000000
000074A9 00000000
000074AB 00000000
000074AD 00000000
000074AF 00000000
000074B1 00000000
000074B3 00000000
000074B5 00000000
000074B7 00000000
000074B9 00000000
000074BB 00000000
000074BD 00000000
000074BF 00000000
000074C1 00000000
000074C3 00000000
000074C5 00000000
000074C7 00000000
000074C9 00000000
000074CB 00000000
000074CD 00000000
000074CF 00000000
000074D1 00000000
000074D3 00000000
000074D5 00000000
000074D7 00000000
000074D9 00000000
000074DB 00000000
000074DD 00000000
000074DF 00000000
000074E1 00000000
000074E3 00000000
000074E5 00000000
000074E7 00000000
000074E9 00000000
000074EB 00000000
000074ED 00000000
000074EF 00000000
000074F1 00000000
000074F3 00000000
000074F5 00000000
000074F7 00000000
000074F9 00000000
000074FB 00000000
000074FD 00000000
000074FF 00000000
00007501 00000000
00007503 00000000
00007505 00000000
00007507 00000000
00007509 00000000
0000750B 00000000
0000750D 00000000
0000750F 00000000
00007511 00000000
00007513 00000000
00007515 00000000
00007517 00000000
00007519 00000000
0000751B 00000000
0000751D 00000000
0000751F 00000000
00007521 00000000
00007523 00000000
00007525 00000000
00007527 00000000
00007529 00000000
0000752B 00000000
0000752D 00000000
0000752F 00000000
00007531 00000000
00007533 00000000
00007535 00000000
00007537 00000000
00007539 00000000
0000753B 00000000
0000753D 00000000
0000753F 00000000
00007541 00000000
00007543 00000000
00007545 00000000
00007547 00000000
00007549 00000000
0000754B 00000000
0000754D 00000000
0000754F 00000000
00007551 00000000
00007553 00000000
00007555 00000000
00007557 00000000
00007559 00000000
0000755B 00000000
0000755D 00000000
0000755F 00000000
00007561 00000000
00007563 00000000
00007565 00000000
00007567 00000000
00007569 00000000
0000756B 00000000
0000756D 00000000
0000756F 00000000
00007571 00000000
00007573 00000000
00007575 00000000
00007577 00000000
00007579 00000000
0000757B 00000000
0000757D 00000000
0000757F 00000000
00007581 00000000
00007583 00000000
00007585 00000000
00007587 00000000
00007589 00000000
0000758B 00000000
0000758D 00000000
0000758F 00000000
00007591 00000000
00007593 00000000
00007595 00000000
00007597 00000000
00007599 00000000
0000759B 00000000
0000759D 00000000
0000759F 00000000
000075A1 00000000
000075A3 00000000
000075A5 00000000
000075A7 00000000
000075A9 00000000
000075AB 00000000
000075AD 00000000
000075AF 00000000
000075B1 00000000
000075B3 00000000
000075B5 00000000
000075B7 00000000
000075B9 00000000
000075BB 00000000
000075BD 00000000
000075BF 00000000
000075C1 00000000
000075C3 00000000
000075C5 00000000
000075C7 00000000
000075C9 00000000
000075CB 00000000
000075CD 00000000
000075CF 00000000
000075D1 00000000
000075D3 00000000
000075D5 00000000
000075D7 00000000
000075D9 00000000
000075DB 00000000
000075DD 00000000
000075DF 00000000
000075E1 00000000
000075E3 00000000
000075E5 00000000
000075E7 00000000
000075E9 00000000
000075EB 00000000
000075ED 00000000
000075EF 00000000
000075F1 00000000
000075F3 00000000
000075F5 00000000
000075F7 00000000
000075F9 00000000
000075FB 00000000
000075FD 00000000
000075FF 00000000
00007601 00000000
00007603 00000000
00007605 00000000
00007607 00000000
00007609 00000000
0000760B 00000000
0000760D 00000000
0000760F 00000000
00007611 00000000
00007613 00000000
00007615 00000000
00007617 00000000
00007619 00000000
0000761B 00000000
0000761D 00000000
0000761F 00000000
00007621 00000000
00007623 00000000
00007625 00000000
00007627 00000000
00007629 00000000
0000762B 00000000
0000762D 00000000
0000762F 00000000
00007631 00000000
00007633 00000000
00007635 00000000
00007637 00000000
00007639 00000000
0000763B 00000000
0000763D 00000000
0000763F 00000000
00007641 00000000
00007643 00000000
00007645 00000000
00007647 00000000
00007649 00000000
0000764B 00000000
0000764D 00000000
0000764F 00000000
00007651 00000000
00007653 00000000
00007655 00000000
00007657 00000000
00007659 00000000
0000765B 00000000
0000765D 00000000
0000765F 00000000
00007661 00000000
00007663 00000000
00007665 00000000
00007667 00000000
00007669 00000000
0000766B 00000000
0000766D 00000000
0000766F 00000000
00007671 00000000
00007673 00000000
00007675 00000000
00007677 00000000
00007679 00000000
0000767B 00000000
0000767D 00000000
0000767F 00000000
00007681 00000000
00007683 00000000
00007685 00000000
00007687 00000000
00007689 00000000
0000768B 00000000
0000768D 00000000
0000768F 00000000
00007691 00000000
00007693 00000000
00007695 00000000
00007697 00000000
00007699 00000000
0000769B 00000000
0000769D 00000000
0000769F 00000000
000076A1 00000000
000076A3 00000000
000076A5 00000000
000076A7 00000000
000076A9 00000000
000076AB 00000000
000076AD 00000000
000076AF 00000000
000076B1 00000000
000076B3 00000000
000076B5 00000000
000076B7 00000000
000076B9 00000000
000076BB 00000000
000076BD 00000000
000076BF 00000000
000076C1 00000000
000076C3 00000000
000076C5 00000000
000076C7 00000000
000076C9 00000000
000076CB 00000000
000076CD 00000000
000076CF 00000000
000076D1 00000000
000076D3 00000000
000076D5 00000000
000076D7 00000000
000076D9 00000000
000076DB 00000000
000076DD 00000000
000076DF 00000000
000076E1 00000000
000076E3 00000000
000076E5 00000000
000076E7 00000000
000076E9 00000000
000076EB 00000000
000076ED 00000000
000076EF 00000000
000076F1 00000000
000076F3 00000000
000076F5 00000000
000076F7 00000000
000076F9 00000000
000076FB 00000000
000076FD 00000000
000076FF 00000000
00007701 00000000
00007703 00000000
00007705 00000000
00007707 00000000
00007709 00000000
0000770B 00000000
0000770D 00000000
0000770F 00000000
00007711 00000000
00007713 00000000
00007715 00000000
00007717 00000000
00007719 00000000
0000771B 00000000
0000771D 00000000
0000771F 00000000
00007721 00000000
00007723 00000000
00007725 00000000
00007727 00000000
00007729 00000000
0000772B 00000000
0000772D 00000000
0000772F 00000000
00007731 00000000
00007733 00000000
00007735 00000000
00007737 00000000
00007739 00000000
0000773B 00000000
0000773D 00000000
0000773F 00000000
00007741 00000000
00007743 00000000
00007745 00000000
00007747 00000000
00007749 00000000
0000774B 00000000
0000774D 00000000
0000774F 00000000
00007751 00000000
00007753 00000000
00007755 00000000
00007757 00000000
00007759 00000000
0000775B 00000000
0000775D 00000000
0000775F 00000000
00007761 00000000
00007763 00000000
00007765 00000000
00007767 00000000
00007769 00000000
0000776B 00000000
0000776D 00000000
0000776F 00000000
00007771 00000000
00007773 00000000
00007775 00000000
00007777 00000000
00007779 00000000
0000777B 00000000
0000777D 00000000
0000777F 00000000
00007781 00000000
00007783 00000000
00007785 00000000
00007787 00000000
00007789 00000000
0000778B 00000000
0000778D 00000000
0000778F 00000000
00007791 00000000
00007793 00000000
00007795 00000000
00007797 00000000
00007799 00000000
0000779B 00000000
0000779D 00000000
0000779F 00000000
000077A1 00000000
000077A3 00000000
000077A5 00000000
000077A7 00000000
000077A9 00000000
000077AB 00000000
000077AD 00000000
000077AF 00000000
000077B1 00000000
000077B3 00000000
000077B5 00000000
000077B7 00000000
000077B9 00000000
000077BB 00000000
000077BD 00000000
000077BF 00000000
000077C1 00000000
000077C3 00000000
000077C5 00000000
000077C7 00000000
000077C9 00000000
000077CB 00000000
000077CD 00000000
000077CF 00000000
000077D1 00000000
000077D3 00000000
000077D5 00000000
000077D7 00000000
000077D9 00000000
000077DB 00000000
000077DD 00000000
000077DF 00000000
000077E1 00000000
000077E3 00000000
000077E5 00000000
000077E7 00000000
000077E9 00000000
000077EB 00000000
000077ED 00000000
000077EF 00000000
000077F1 00000000
000077F3 00000000
000077F5 00000000
000077F7 00000000
000077F9 00000000
000077FB 00000000
000077FD 00000000
000077FF 00000000
00007801 00000000
00007803 00000000
00007805 00000000
00007807 00000000
00007809 00000000
0000780B 00000000
0000780D 00000000
0000780F 00000000
00007811 00000000
00007813 00000000
00007815 00000000
00007817 00000000
00007819 00000000
0000781B 00000000
0000781D 00000000
0000781F 00000000
00007821 00000000
00007823 00000000
00007825 00000000
00007827 00000000
00007829 00000000
0000782B 00000000
0000782D 00000000
0000782F 00000000
00007831 00000000
00007833 00000000
00007835 00000000
00007837 00000000
00007839 00000000
0000783B 00000000
0000783D 00000000
0000783F 00000000
00007841 00000000
00007843 00000000
00007845 00000000
00007847 00000000
00007849 00000000
0000784B 00000000
0000784D 00000000
0000784F 00000000
00007851 00000000
00007853 00000000
00007855 00000000
00007857 00000000
00007859 00000000
0000785B 00000000
0000785D 00000000
0000785F 00000000
00007861 00000000
00007863 00000000
00007865 00000000
00007867 00000000
00007869 00000000
0000786B 00000000
0000786D 00000000
0000786F 00000000
00007871 00000000
00007873 00000000
00007875 00000000
00007877 00000000
00007879 00000000
0000787B 00000000
0000787D 00000000
0000787F 00000000
00007881 00000000
